evo logloss 0.3474547728949197 +/- 0.41062284172952607
[0.60065734 0.85221304 0.09836945 0.13448675 0.09137962 0.09512762
 0.08193726 0.1432727  0.58675126 0.11086361 0.17736025 0.06512775
 0.14201329 1.15203395 1.12092044 0.05474631 0.08052084 0.06683917
 1.14945827 0.08873094 1.12058125 0.13564065 1.16120714 0.04043885
 0.1544929  0.06873091 1.19065361 0.09989268 0.47678499 0.10801174
 0.13840874 0.0136663  0.7158744  0.03144688 0.01904218 0.01279894
 1.12950217 0.54346639 0.86521492 0.01890602 0.05252724 1.11230718
 0.06230728 0.01757398 0.05140726 0.04863898 0.00951667 1.13010538
 0.04818091 1.11245407 1.10280667 1.110137   0.12471814 0.07525189
 0.09626689 0.07455293 0.07619936 0.08992378 1.10348095 0.09374005
 0.14636264 0.13142615 0.12884927 0.11145541 0.11433692 0.13473987
 0.14451343 0.14919918 0.1516156  0.24892628 0.3513465  0.07961644
 0.07599305 0.12382077 0.08953431 0.09011665 0.08658582 0.07360315
 0.07779541 0.09062286 0.02454481 0.02357903 1.15261511 0.04117144
 1.15002531 1.11972287 0.60017325 0.04616336 0.05482492 1.18898877
 0.14699141 0.12541861 0.24109715 0.17605254 1.09508453 0.22700122
 0.16499941 1.14094314 0.24325363 0.11709804 0.14997368 0.12508791
 0.13230527 0.14103601 0.14780883 1.11936488 0.13106531 0.17308998
 1.11924682 0.1900069  0.39019786 0.39380958 0.61432521 0.55451411
 0.78453972 0.1638481  0.1680732  1.17514621 1.42255336 1.23211917
 0.11342202 0.08266533 0.19347969 0.14347199 1.10807744 0.0798085
 0.1586045  0.12295699 1.15222906 0.16935136 0.05298234 0.08859961
 1.11490368 0.23389002 1.11520696 0.12373797 0.17680105 1.07751111
 0.13411462 0.18730807 0.07639312 1.11018562 0.07511707 0.12259153
 0.10325115 0.16809051 0.07730931 0.07280729 0.0787513  0.67196115
 0.08123122 0.36282037 0.08957678 0.07053391 1.10397904 0.09237266
 0.08326656 0.10302924 1.1037414  0.24830354 0.07070908 0.09681136
 1.09660401 0.0886741  0.09756783 0.07845727 0.08899783 0.1431524
 0.09475796 1.14170257 0.35295418 0.03971924 0.14472946 0.05085424
 0.03206354 0.04840818 1.10610797 0.0246913  0.07178656 0.0723629
 0.1133978  1.1061622  0.18446357 0.70093028 0.15160642 0.10759498
 0.1600296  0.15168813 0.14292412 1.1058199  0.37928847 0.15219521
 0.10430264 0.1056677  1.10312706 0.12010088 0.11433124 0.13320077
 0.25171692 0.09887111]
evo NN runtime per cycle = 1307.455914871346 +/- 605.5306593197093
Epoch 100: 8 / 30
Epoch 200: 8 / 30
Epoch 300: 8 / 30
standard logloss 1.0928667035325785 +/- 0.05521785005953456
[1.11245233 1.1074369  1.09957736 1.10556307 1.09629874 1.10468111
 1.10659435 1.10649766 1.1060662  1.10617183 1.10273306 1.10355396
 1.10291102 1.09984598 1.10512117 1.10265232 1.09928123 1.1056035
 1.10474427 1.1011161  1.09935687 1.10054975 1.09936473 1.10073361
 1.09921658 1.09450316 1.09713432 1.09988485 0.80648865 1.10071161
 1.11321377 1.11425686 1.11008894 1.10968095 1.11058946 1.11079047
 1.10783411 1.11219958 1.11051045 1.1047209  1.10651451 1.10190753
 1.10393732 1.10412403 1.09843759 1.10555745 1.10345847 1.10664262
 1.10508271 1.10648561 1.10027226 1.10423331 1.09835189 0.85535989
 1.0999389  1.09808209 1.10134891 1.10270548 1.10232499 1.100016
 1.11126685 1.11399971 1.1099455  1.10936677 1.10685968 1.10921205
 1.09309261 1.10498368 1.10888398 1.11126309 1.11428398 1.11322532
 1.118732   1.11375171 1.1120069  1.11697201 1.11349446 1.11788592
 1.11661073 1.11854616 1.09246264 0.84789223 1.10651163 1.10182717
 1.10374344 1.10047468 1.11432009 1.10450386 1.10463182 1.10570786
 1.10809464 1.11064133 1.10939968 1.11796747 1.11346106 1.11129178
 1.11872549 1.10780722 1.10034554 1.11536757 1.09783196 1.10207771
 1.09883761 1.10023026 0.83530187 1.10131688 1.10057913 1.09843675
 1.09714371 1.10255412 1.09476741 1.08736274 1.09293564 1.09640078
 1.10217345 0.6828721  1.09563179 1.09289421 1.0927148  1.09172976
 1.09731282 1.1000067  1.09903659 1.09786876 1.09864421 1.0981046
 1.09744016 1.09916001 1.09768569 1.09806354 1.10978421 1.11368863
 1.10856443 1.1098448  1.11194419 0.88376582 1.10833696 1.10801443
 1.10917881 1.1095261  1.09969573 1.10524851 1.10098322 1.10627482
 1.08941625 1.10445757 0.88290131 1.10744839 1.10497421 1.10393656
 1.09809523 1.09912099 1.09883219 1.10212309 1.10318395 1.10085141
 1.09892573 1.09958708 1.10005545 1.10051089 1.09875673 1.10085764
 1.10082284 1.10070228 1.09967578 1.10218334 1.10028597 1.10127979
 1.10228722 1.10174689 1.10177469 1.1002719  1.10227195 1.10068689
 1.09944029 1.10090943 1.10508872 1.10334012 1.10103737 1.09902323
 1.10323841 1.10645637 1.10843024 1.10339561 1.10834229 1.10527762
 1.10677551 1.10401413 0.84899957 1.10279609 1.10172109 1.1004992
 1.10222523 1.10108764 1.10038522 1.10106839 1.10097413 1.10065127
 1.1008538  1.10224542]
standard NN runtime per cycle = 10.477741084580217 +/- 4.679252174366814
p_value is 3.292165069012593e-30
Writing to... a_standard_results.csv
Writing to... a_evo_results.csv
Done

