evo logloss -0.9932798774214665 +/- 0.005667678583580365
[-0.97680055 -0.97957064 -0.9833795  -0.98026316 -0.98355263 -0.97887812
 -0.98303324 -0.98268698 -0.97749307 -0.98268698 -0.98348682 -0.98840902
 -0.9901556  -0.98189902 -0.98697999 -0.98825024 -0.98380438 -0.98904414
 -0.97094316 -0.98126389 -0.99326599 -0.99551066 -0.99682005 -0.996633
 -0.99289188 -0.99925178 -0.99476244 -0.99700711 -0.99438833 -0.99551066
 -0.99720844 -0.996433   -0.99844913 -0.99596774 -1.         -0.99472705
 -0.99658809 -0.99658809 -1.         -1.         -0.99404762 -0.99437831
 -0.99305556 -0.99404762 -0.99074074 -0.9917328  -0.99272487 -0.99404762
 -0.99272487 -0.99437831 -1.         -0.99949883 -1.         -1.
 -1.         -1.         -1.         -1.         -1.         -1.
 -0.99025974 -0.99025974 -0.99448052 -0.99350649 -0.99350649 -0.99188312
 -0.99090909 -0.99480519 -0.98733766 -0.99383117 -0.9875     -0.99121622
 -0.9902027  -0.98986486 -0.99121622 -0.98885135 -0.98986486 -0.98918919
 -0.99054054 -0.99425676 -1.         -0.99896122 -0.99757618 -0.99861496
 -0.99896122 -1.         -1.         -1.         -1.         -1.
 -0.99899766 -0.99933177 -0.99966589 -0.99966589 -0.99966589 -1.
 -0.99832944 -0.99799532 -0.99849649 -0.99766121 -0.99966931 -0.99603175
 -0.9985119  -0.99867725 -0.99818122 -0.99603175 -0.99454365 -0.99603175
 -0.99470899 -0.99437831 -0.99541435 -0.99410416 -0.99934491 -0.99901736
 -0.99836227 -0.99606944 -0.99803472 -0.99803472 -0.99934491 -1.
 -0.9864418  -0.99140212 -0.99404762 -0.99388228 -0.99338624 -0.99206349
 -0.98710317 -0.9890873  -0.99338624 -0.99140212 -0.99515536 -0.9869696
 -0.9934848  -0.98730371 -0.99632476 -0.99599064 -0.99465419 -0.9896425
 -0.99064484 -0.99365185 -0.98832071 -0.98611111 -0.99179293 -0.98989899
 -0.9905303  -0.98895202 -0.98579545 -0.98863636 -0.9905303  -0.99179293
 -0.99608262 -0.99732906 -0.98896011 -0.99732906 -0.9909188  -0.99430199
 -0.99252137 -0.99501425 -0.9957265  -0.99643875 -0.98733766 -0.98668831
 -0.98441558 -0.98603896 -0.98766234 -0.98019481 -0.98279221 -0.98506494
 -0.98279221 -0.98441558 -0.99949883 -0.99799532 -0.99966589 -0.99933177
 -0.99899766 -0.99949883 -0.99899766 -0.99832944 -0.99966589 -0.99866355
 -0.99259259 -0.99484702 -0.99259259 -0.99323671 -0.99484702 -0.99259259
 -0.99613527 -0.99307568 -0.99162641 -0.99388084 -0.99487434 -0.99470899
 -0.99074074 -0.99454365 -0.99404762 -0.99487434 -0.99222884 -0.99553571
 -0.99239418 -0.99768519]
evo NN runtime per cycle = 1511.5086558217743 +/- 46.70273615336884
Epoch 100: 77 / 114
Epoch 200: 77 / 114
Epoch 300: 77 / 114
standard logloss -0.7924263684807525 +/- 0.1303748611241921
[-0.77216066 -0.67347645 -0.67520776 -0.8916205  -0.89473684 -0.74515235
 -0.57652355 -0.89231302 -0.96987535 -0.93490305 -0.81930772 -0.54461734
 -0.87329311 -0.85995554 -0.94569705 -0.90473166 -0.63226421 -0.92823118
 -0.84661797 -0.68847253 -0.8338945  -0.9738122  -0.85596708 -0.74635241
 -0.96595585 -0.98279087 -0.71455294 -0.92068837 -0.68050879 -0.81967826
 -0.90353598 -0.94075682 -0.91811414 -0.78939206 -0.85297767 -0.93207196
 -0.63337469 -0.91935484 -0.75899504 -0.85390819 -0.56580688 -0.93386243
 -0.74768519 -0.65939153 -0.95072751 -0.79365079 -0.69874339 -0.90873016
 -0.93551587 -0.99636243 -0.50718343 -0.60374206 -0.61610424 -0.95255596
 -0.58737053 -0.74139659 -0.72903441 -0.68559973 -0.72903441 -0.97059806
 -0.61038961 -0.9487013  -0.68961039 -0.72175325 -0.90357143 -0.75064935
 -0.93733766 -0.60032468 -0.94935065 -0.65227273 -0.52162162 -0.79425676
 -0.7277027  -0.87668919 -0.81081081 -0.74493243 -0.73344595 -0.88716216
 -0.68648649 -0.91824324 -0.71052632 -0.76315789 -0.84903047 -0.90131579
 -0.56163435 -0.78012465 -0.96779778 -0.98372576 -0.72229917 -0.69598338
 -0.9973271  -0.9405279  -0.88773806 -0.76110925 -0.90410959 -0.77948547
 -0.91881056 -0.88840628 -0.86435015 -0.78115603 -0.53141534 -0.76289683
 -0.83101852 -0.67857143 -0.66600529 -0.99239418 -0.72982804 -0.91203704
 -0.72652116 -0.52876984 -0.90337373 -0.90992466 -0.67802162 -0.50081887
 -0.88732394 -0.64264658 -0.83622666 -0.73042909 -0.88044546 -0.85948248
 -0.60416667 -0.93287037 -0.6332672  -0.7662037  -0.65839947 -0.75429894
 -0.92195767 -0.88492063 -0.63492063 -0.84920635 -0.95823588 -0.57066488
 -0.68860675 -0.97761443 -0.88606749 -0.89174741 -0.67758102 -0.74574006
 -0.94587371 -0.89642499 -0.89551768 -0.87563131 -0.97569444 -0.88573232
 -0.94917929 -0.96906566 -0.59185606 -0.65246212 -0.63099747 -0.97222222
 -0.93055556 -0.8735755  -0.74109687 -0.8244302  -0.80555556 -0.62713675
 -0.80662393 -0.53133903 -0.8764245  -0.66666667 -0.50194805 -0.8525974
 -0.79090909 -0.89155844 -0.90551948 -0.76558442 -0.71525974 -0.78181818
 -0.92792208 -0.86558442 -0.8553291  -0.91947878 -0.78082192 -0.74540595
 -0.93818911 -0.97728032 -0.80755095 -0.63214166 -0.81556966 -0.64283328
 -0.74975845 -0.89533011 -0.77809984 -0.51916264 -0.84766506 -0.56425121
 -0.56425121 -0.68985507 -0.67600644 -0.77037037 -0.66137566 -0.85416667
 -0.8042328  -0.84060847 -0.58895503 -0.85185185 -0.92956349 -0.58333333
 -0.78736772 -0.76421958]
standard NN runtime per cycle = 43.50338505965433 +/- 19.427388727925283
p_value is 1.4800383742747443e-34
Writing to... b_standard_results.csv
Writing to... b_evo_results.csv
Done

