evo logloss 0.5526000347249439 +/- 0.35011161573329275
[0.3424504  0.35759841 0.58297903 0.65053946 0.53812089 1.0704618
 0.64960337 1.07658645 0.28827189 0.41924599 0.4664238  0.73787991
 0.38189714 0.31919983 1.09244172 0.43085656 0.4305203  0.35803635
 0.44930165 1.08585122 0.48811005 0.18103172 0.34290104 0.18875223
 0.15023509 0.49236802 0.14743739 0.12907419 0.56284405 0.18471882
 0.24958858 1.50726499 0.36727172 0.33532337 1.11924939 0.61410962
 0.3623523  0.26476783 0.30349892 0.61671521 0.48897947 0.37917464
 0.76836897 0.51943215 0.6433382  0.60011049 0.51229481 0.62125884
 0.48810964 1.09125462 1.0917951  1.07762406 0.12623278 0.64327025
 0.77483985 1.07806954 1.08055192 1.08464111 0.48111584 0.1170209
 0.27320823 0.27777757 0.23979692 0.22627352 0.16620857 0.18647898
 0.32170899 0.15680833 1.07036636 1.08086949 0.60453508 1.07949798
 0.54407729 0.17629508 0.25253275 0.39844215 0.35360657 1.08463152
 0.11381418 0.80797149 0.27167276 0.68839201 0.68768823 0.35064252
 0.32027928 0.42229821 0.56755432 1.1194678  0.286231   0.29484589
 0.43243866 0.45172841 0.42755044 0.22964527 0.58935621 0.24371451
 0.31431855 0.25070281 0.36837053 0.26153101 0.24793296 1.11657784
 0.18443088 0.3748762  0.87135704 0.18877964 0.17592217 0.28011947
 0.17917051 0.127964   1.05580054 0.75582703 1.05397519 0.99614666
 1.11998438 0.89229354 0.15022636 1.05486127 0.61264555 0.22564139
 1.05500399 1.07256873 0.32030063 0.35193664 0.43287211 0.4132908
 0.34048143 0.58975885 0.34269969 0.2553872  0.38239972 0.04101104
 0.31946367 0.12634035 0.19677062 0.56659879 1.15634586 0.1536626
 0.63235879 1.09849413 0.28868371 0.93084646 0.22732415 1.06924894
 0.57004024 1.09837263 0.23337087 1.07641152 0.29379128 1.09664439
 1.06813968 0.27641965 0.97547441 0.2663395  0.27689658 0.27454257
 0.37045125 1.06045482 0.25143201 0.53742043 0.21147051 1.0998918
 0.4535066  1.08724948 0.13738836 1.09137907 1.08312833 0.15031491
 0.10090845 1.11527677 0.36784197 0.20368978 0.19950084 0.2325442
 0.1596762  0.38757643 1.18394564 0.19058028 1.12150201 0.50674858
 1.12380227 0.54679696 0.11823587 1.112909   0.44593134 0.39624699
 0.41048447 0.30969749 0.7401861  0.10017523 1.10567595 0.74515976
 0.47527624 1.10893018 1.10809039 0.42758389 1.10987972 0.46738429
 0.72377238 1.10839156]
evo NN runtime per cycle = 1614.5549367626406 +/- 735.5558674406549
Epoch 100: 16 / 36
Epoch 200: 16 / 36
Epoch 300: 16 / 36
standard logloss 1.0896160848290206 +/- 0.022988866771663546
[1.08572351 1.09012026 1.09053466 1.0896978  1.07817949 1.08698557
 1.08498529 1.08908082 1.08823882 1.09112653 1.0938185  1.09074684
 1.08742721 1.09199783 1.09069714 1.09252252 1.08884629 1.08698319
 1.08929164 1.0881877  1.09031439 1.0883708  1.09272992 1.09109017
 1.08729122 1.08623531 1.08531564 1.08519125 1.08861902 1.08761987
 1.09903484 1.10054777 1.10458067 1.10051684 1.10255024 1.10195187
 1.10079281 1.0990023  1.10074364 1.0993285  1.08837543 1.08579973
 1.08536349 1.08859366 1.08861354 1.09241469 1.08711346 1.08950567
 1.08848779 1.08620771 1.08957734 1.09178913 1.0908735  1.08711148
 1.08767319 1.09679151 1.09154128 1.08924283 1.09160996 1.08752118
 1.09050262 1.08906717 1.08861124 1.08768973 1.09194    1.09306137
 1.08793051 1.09319436 1.08819402 1.0943153  1.09455664 1.09074105
 1.08389484 1.09605168 1.09654906 1.09115113 1.09174228 1.09683578
 1.10681309 1.09944426 1.09898525 1.09998951 1.09569662 1.09758621
 1.09535864 1.09889287 1.09765572 1.09681687 1.1002335  1.10036912
 1.09091521 1.09105933 1.09301988 1.09377223 1.09871707 1.09266788
 1.0886661  1.09273834 1.09553051 1.08718645 1.09196877 1.08484293
 1.09970785 1.09231716 1.08757131 1.09567869 1.08155777 1.0942591
 1.09708571 1.09598868 1.0865039  1.08281583 1.08198117 1.07694802
 1.08226543 1.08079563 1.08056658 1.07844043 1.08265519 1.08705104
 1.08243118 1.09572034 1.09010116 1.08529927 1.08328477 1.08157063
 1.08164135 1.08044085 1.08645024 1.08700208 1.10327769 0.88157756
 1.0915176  1.0899952  1.09460978 1.08551072 1.09222723 1.09444319
 1.0978241  1.09493049 1.09210788 1.09014838 1.10158777 1.09191424
 1.08982401 1.09093424 1.10283624 1.08655504 1.09022856 1.08414513
 1.09098317 1.11206259 1.09544089 1.08597955 1.07486182 1.08744064
 1.08681501 1.08385957 1.08017359 1.09243985 1.0904569  1.09487298
 1.09224386 1.09063674 1.09257255 1.08967003 1.09108603 1.09237894
 0.85873547 1.09093629 1.09328999 1.08844237 1.08979257 1.08963257
 1.088925   1.08868011 1.08712765 1.09561375 1.07935183 1.08782116
 1.1005458  1.10311388 1.10374974 1.10286639 1.10548772 1.10268512
 1.10232869 1.10107722 1.10135117 1.10269576 1.0986457  1.09675086
 1.09660399 1.09940195 1.09991483 1.09869192 1.09936412 1.09846941
 1.09749512 1.09914733]
standard NN runtime per cycle = 11.70388710826076 +/- 3.331747510096966
p_value is 4.676071759503826e-31
Writing to... tester_e.pye_standard_results.csv
Writing to... tester_e.pye_evo_results.csv
Done

