evo NN runtime per cycle = 730.3516187168848 +/- 322.0282132502838
evo logloss 0.19229358286496812 +/- 0.3194344196866424

[0.12379174 0.12121411 0.09419385 0.10912569 0.13942569 0.11664914
 0.13356207 0.12844678 0.10892829 0.10922609 1.12318758 0.05522664
 0.0687631  0.06204889 0.06940026 0.08732234 0.06899219 0.0630569
 0.06726688 1.10544887 0.15979634 0.17771571 0.1538526  0.11610017
 0.12543371 0.19568842 1.11076574 0.19347051 0.15511087 1.11333405
 0.08717176 0.10169183 0.08214971 0.09000335 0.10089052 0.10751719
 0.1129679  0.10016096 0.0798648  0.08301539 0.07761853 0.08227173
 0.10915417 0.08820341 0.07800813 0.09509369 1.10459469 0.07497496
 1.16017597 0.06460811 0.08624617 0.08008563 0.06498629 0.06177019
 0.11257828 1.111732   0.07281325 0.10991237 0.0841532  0.06805503
 0.07870608 0.08594092 1.10780132 0.08844416 0.0922399  0.06842955
 0.08360091 1.10871992 0.07281807 0.08115927 0.12700058 0.13277526
 0.11691616 0.15055549 0.11563035 0.1567734  0.19202606 0.11911184
 0.15257067 0.12033889 1.13427679 0.06852809 0.06164914 0.06960484
 0.08132972 0.07310953 0.05927921 0.05601805 0.06484544 0.06508458
 0.32598631 0.07520792 0.08908097 0.08663589 0.05513869 0.07785082
 1.37560079 0.07716607 0.12331059 0.11071787 0.08930422 0.08492158
 0.08275038 0.0707542  0.06982356 0.07652361 0.06784712 0.08476327
 0.07474656 0.0770362  0.06333594 1.11154635 0.05953283 0.05055309
 0.15322534 1.11446354 0.06578747 0.09062914 0.06215313 0.05722573
 0.04967455 0.03410252 0.04214173 0.04522646 0.04276909 0.04904639
 0.0270631  1.11428829 0.03751484 0.03918342 0.10800353 1.12942696
 1.10930894 0.10232617 0.1125568  1.11623259 0.09190432 0.07080383
 0.11123514 0.09778598 0.0692522  0.08298341 0.11653353 0.06157702
 0.07328676 0.09598186 0.06492389 0.09880052 0.11641761 0.12546955
 1.10466307 0.01404539 0.02480313 0.02584773 0.01257938 0.00972734
 0.0449979  0.01500115 0.01047594 0.03458428 0.14974275 0.12976898
 0.28407622 0.16608976 0.15909818 0.21012077 0.39556527 0.31282728
 0.21038845 0.33703999 0.04213894 1.21207818 0.04675228 0.0450364
 0.04789881 0.0527755  0.04299505 0.04275235 0.04105652 0.04179602
 0.00960907 0.0327547  0.02717086 0.01908715 0.04370677 0.03001489
 0.03607322 0.02707124 0.03883088 0.04077393 0.03017923 0.02959752
 0.00628914 0.00941166 0.00625597 0.02782781 0.01394455 0.02406837
 1.11044163 0.01514615]


standard logloss 0.6006849053980428 +/- 0.028865694099849144
[0.65860644 0.66241022 0.62726949 0.621585   0.63112486 0.62851763
 0.63071682 0.63159698 0.63880026 0.63777107 0.62169441 0.60647264
 0.59687008 0.60608815 0.65175358 0.59930988 0.60313514 0.59443423
 0.59466961 0.59819343 0.76293794 0.60886225 0.61219323 0.60508099
 0.59308408 0.63610855 0.5966648  0.59175649 0.61053422 0.59505397
 0.64297156 0.6244185  0.64818891 0.62652049 0.63010802 0.62921072
 0.64866212 0.62869309 0.62796445 0.63687673 0.58936545 0.55641023
 0.62297836 0.58983949 0.58606406 0.58888094 0.56102791 0.59030781
 0.58921633 0.59282614 0.58996377 0.59071272 0.58970349 0.59015529
 0.58885391 0.59062678 0.59134759 0.59103401 0.5916516  0.58848778
 0.56886755 0.58134394 0.57612819 0.56141301 0.57221638 0.60084904
 0.56826359 0.57236171 0.57597956 0.57641329 0.63610007 0.61287958
 0.62212576 0.62419257 0.64228532 0.62617654 0.62536939 0.71705064
 0.62204678 0.61792257 0.60258735 0.618233   0.60392911 0.61402095
 0.59911475 0.59988747 0.59938037 0.59693777 0.63398104 0.59584568
 0.59258442 0.59144702 0.59070343 0.60985275 0.591316   0.59014932
 0.59105063 0.59189996 0.59032725 0.60379718 0.61317761 0.6085431
 0.61891485 0.61472162 0.65558315 0.60572033 0.60553571 0.59949256
 0.61000223 0.61774924 0.59103139 0.58329097 0.62596031 0.60746075
 0.58140228 0.60875853 0.62681329 0.58282845 0.60467217 0.61129526
 0.56026577 0.55902678 0.55993564 0.55977868 0.55849762 0.56222755
 0.56237138 0.56846282 0.55788587 0.55711534 0.60828775 0.59886148
 0.59694503 0.59404433 0.60799571 0.6066603  0.60677866 0.60310535
 0.60697519 0.60775323 0.58527305 0.59350641 0.58533022 0.60367018
 0.59114674 0.58284651 0.58906289 0.59231152 0.59385295 0.58721435
 0.55773504 0.58010699 0.5741896  0.55841075 0.56736188 0.57437557
 0.57091496 0.57644603 0.55811208 0.57177912 0.66217924 0.64420017
 0.6450091  0.64089222 0.63908002 0.64432344 0.6505599  0.64745038
 0.64770695 0.64533293 0.59091341 0.58963646 0.58984514 0.59052379
 0.59011182 0.58988489 0.5888922  0.59133971 0.59056054 0.59004329
 0.57138147 0.57110784 0.56989553 0.57295063 0.57465365 0.57052747
 0.56857927 0.59021764 0.59450403 0.57155368 0.57664997 0.56785854
 0.56799636 0.56994896 0.58268232 0.57083125 0.57254116 0.57310359
 0.57195622 0.57658515]
standard NN runtime per cycle = 12.63874053329477 +/- 5.3645315014888375
p_value is 5.574188922662734e-21



