evo logloss 0.09827085216260992 +/- 0.07139480897686794
[0.18633148 0.18624044 0.16828089 0.15618862 0.16917493 0.17535185
 0.17620184 0.16871766 0.15353599 0.1926101  0.1335221  0.11396023
 0.10020581 0.12282361 0.10079904 0.10646243 0.14492001 0.67146093
 0.12087422 0.09607131 0.15395067 0.11793471 0.12646049 0.12432791
 0.10529483 0.12566611 0.1335044  0.13897374 0.17564553 0.1229192
 0.04682226 0.04564173 0.05078914 0.04168583 0.05853271 0.04984099
 0.05564251 0.04745033 0.04549979 0.04069578 0.17437471 0.15360009
 0.20864727 0.14283196 0.15377007 0.18803875 0.19790488 0.15779692
 0.20133502 0.21934324 0.09024238 0.09022586 0.09900101 0.09528624
 0.09343475 0.07400711 0.08959366 0.0845763  0.09181838 0.10344539
 0.08074148 0.08451139 0.07806438 0.10728351 0.07708402 0.07036425
 0.0741634  0.07777081 0.08338112 0.07729821 0.085449   0.06799355
 0.08235244 0.07350296 0.0855185  0.09207169 0.13800509 0.10362661
 0.07036708 0.078683   0.05702813 0.04874482 0.06862079 0.05999692
 0.06929366 0.0601565  0.04180309 0.05657517 0.07212609 0.06994739
 0.02461602 0.02802247 0.02386266 0.02224253 0.02497655 0.02615979
 0.02552796 0.03377432 0.03889675 0.0249341  0.06055148 0.05864075
 0.05744715 0.64528108 0.06420197 0.05383697 0.05475815 0.05729357
 0.0568443  0.06236829 0.05999129 0.06518515 0.05810675 0.06251423
 0.05989019 0.07249377 0.05934711 0.0579622  0.07963971 0.05334604
 0.04840545 0.05504242 0.05072521 0.04527    0.04647765 0.05007723
 0.03791318 0.03826378 0.04766856 0.05091418 0.07084733 0.09055428
 0.06378324 0.07727586 0.1236006  0.07222174 0.07598297 0.0998742
 0.06335693 0.07664456 0.05421825 0.05075823 0.0460198  0.04953659
 0.05431645 0.04612543 0.04890611 0.04207236 0.05078559 0.04825161
 0.13766248 0.14160408 0.13630473 0.1417798  0.15841152 0.15138743
 0.14366986 0.16868366 0.15526787 0.12251284 0.13072418 0.12079561
 0.17948706 0.09864809 0.0663041  0.09185076 0.08000332 0.09060036
 0.09658424 0.07686967 0.21366341 0.09615639 0.08960995 0.10241823
 0.11010673 0.13397864 0.10048432 0.09007053 0.10127065 0.08728215
 0.10060759 0.10703983 0.11264498 0.11400167 0.1138866  0.09728722
 0.10323966 0.11820834 0.098148   0.10435381 0.09307976 0.06945676
 0.06856802 0.13720705 0.08840145 0.07793475 0.06577662 0.10348161
 0.07958356 0.08565615]
evo NN runtime per cycle = 1903.397702235034 +/- 474.8600591536138
Epoch 100: 70 / 114
Epoch 200: 108 / 114
Epoch 300: 111 / 114
Epoch 400: 70 / 114
Epoch 500: 76 / 114
standard logloss 0.4235134942567923 +/- 0.1370495203824035
[0.35008822 0.35271155 0.7071685  0.35484635 0.35668559 0.65687352
 0.3553617  0.35807502 0.34969726 0.35686212 0.36112064 0.36149308
 0.36039837 0.36041442 0.40865132 0.36096229 0.36356505 0.36875764
 0.36366211 0.36504637 0.3690423  0.70077523 0.38084332 0.41655261
 0.3678992  0.6710559  0.36294659 0.38612176 0.362148   0.37134548
 0.35487577 0.66746053 0.35281672 0.34473127 0.35124465 0.35276917
 0.66734994 0.35262344 0.345317   0.79035651 0.71274792 0.3534659
 0.35773628 0.36486385 0.70461077 0.69840653 0.69040783 0.70115564
 0.35961999 0.71712347 0.35546274 0.35675918 0.35575179 0.35106137
 0.35857898 0.75675672 0.3503833  0.35317341 0.67733324 0.36142971
 0.3842501  0.35879702 0.35315359 0.38739838 0.35295019 0.35327588
 0.34913755 0.35564007 0.35315254 0.35272723 0.35581502 0.65537858
 0.35389499 0.35473142 0.3565516  0.35735449 0.72218899 0.35946428
 0.35331786 0.65837362 0.44953064 0.65890338 0.34922383 0.34946121
 0.34173348 0.3524565  0.33726335 0.68197511 0.3409728  0.33983458
 0.66613177 0.35235165 0.32874768 0.33737134 0.33445335 0.33515663
 0.3278829  0.33167859 0.32777143 0.33864627 0.32963524 0.32723901
 0.33307742 0.33263512 0.32944851 0.32633481 0.66156348 0.35825559
 0.3267957  0.33349467 0.36303846 0.35287557 0.36804401 0.34899227
 0.36134991 0.34281322 0.34498781 0.3439278  0.35353753 0.70748436
 0.32674836 0.3291254  0.32965809 0.32921153 0.32785606 0.36728209
 0.33406056 0.33085178 0.70350844 0.65828083 0.66304365 0.71124237
 0.34753455 0.72234569 0.34622555 0.34443361 0.35036981 0.34546526
 0.35030214 0.70022639 0.34420235 0.32817323 0.6462799  0.34099931
 0.34055902 0.34522591 0.33597884 0.33492244 0.33276122 0.35470318
 0.65578142 0.78745662 0.68019415 0.37127275 0.36411381 0.79190236
 0.38049518 0.37260664 0.37791151 0.65628013 0.3541334  0.34387543
 0.36156648 0.34999167 0.34434046 0.3485936  0.34633446 0.35279087
 0.34414021 0.68535335 0.36698301 0.36723292 0.36786478 0.36755842
 0.36080372 0.36896221 0.36676377 0.36151913 0.36238703 0.36851114
 0.36992986 0.3682637  0.3890738  0.67672965 0.36884031 0.36486467
 0.3542534  0.35540579 0.36167937 0.36290253 0.64996199 0.67806744
 0.35347759 0.35393667 0.47453267 0.63640796 0.37110439 0.35366873
 0.36742487 0.61069976]
standard NN runtime per cycle = 41.430000738185164 +/- 44.27255029401183
p_value is 1.095809954309932e-32
Writing to... b_standard_results.csv
Writing to... b_evo_results.csv
Done

