evo logloss 0.30751443558252906 +/- 0.2516011568675544
[0.53489379 0.41676921 0.3195476  0.25023181 0.54687846 0.23357936
 0.4733044  0.28055765 1.07328588 0.29575959 0.42303393 0.1341797
 0.19755037 0.0018861  0.31126906 0.22951384 0.03922451 0.33088531
 0.1854748  0.43376789 0.31815576 0.18217161 0.26540787 0.10581417
 0.21292969 0.17557345 1.11426645 0.18562309 0.33990138 0.14355858
 0.45909487 0.45449188 0.68646796 0.37414955 0.25644128 0.38871966
 0.22631261 0.56172248 0.27019458 0.29248729 1.11061395 0.25104082
 0.14367831 0.0230767  0.13026946 0.08582828 0.2329914  0.34836969
 0.18917114 1.11119162 0.30214082 0.43081994 0.27869486 0.30918081
 0.34837694 0.47671675 0.29008793 0.34849595 0.34115601 0.35311991
 0.18937886 1.12031447 0.44605808 0.69353652 0.6851412  0.16044518
 0.19421816 0.23401246 0.06582458 0.10551569 0.10433697 0.52706479
 0.15694056 0.0930643  0.10222179 0.14886457 0.10563346 1.10007663
 0.12285052 0.50641772 0.26727641 0.32679526 0.22954898 0.30830668
 0.35322999 0.27804344 0.51484325 0.3372833  0.18837363 0.51187667
 0.36614107 0.08883976 0.10727762 0.1732464  0.06158906 0.20283777
 0.659543   0.18456521 0.16030957 1.0730515  0.57715321 0.09531328
 0.16457503 0.07399477 1.1275326  0.12581594 0.40277971 0.49801119
 0.11905875 0.10456096 0.49530417 1.13117882 0.22810321 0.25195999
 0.24517091 0.51624617 0.26197693 1.11509504 0.3766015  0.28580186
 0.10212128 0.07483869 0.58209296 0.06977294 0.45215575 0.05347465
 0.12843896 0.09988029 0.10434222 0.38112356 0.17668731 0.34888358
 0.21104304 0.25171967 0.33386051 0.35411182 0.28906363 0.17776584
 0.23186393 0.19131897 0.3810647  1.05815195 0.2419098  1.08319912
 0.42080998 0.08936705 0.49452192 0.6393541  0.09303047 0.32861323
 0.25231913 0.06947341 0.28466291 0.50485616 0.2684643  0.65672461
 0.22360027 0.2205834  0.22534816 0.24549657 0.05302251 0.14833648
 0.13710036 0.16332084 0.17706323 0.00701465 0.10923388 0.29547817
 0.13440822 0.17225348 0.09688034 0.49233388 0.17225416 0.06787874
 0.11060498 0.08551346 0.09870948 0.14421364 0.13783562 0.13628309
 0.16872716 0.12778538 0.51506752 0.11951595 0.05509335 0.10950158
 0.22381437 0.12045906 0.0438864  0.13124901 0.15879292 0.19350485
 0.20270204 0.3727377  0.26450334 0.25717408 0.05982331 0.2095656
 0.07740381 0.47450165]
evo NN runtime per cycle = 1114.5975129555093 +/- 391.69412186057247
Epoch 100: 35 / 36
Epoch 200: 35 / 36
Epoch 300: 35 / 36
standard logloss 0.5870681798329419 +/- 0.02613654992923541
[0.60781801 0.63866896 0.60805925 0.59302763 0.62633208 0.60781339
 0.63860909 0.63310297 0.63825559 0.62819175 0.55270794 0.55444779
 0.55268096 0.55262514 0.55269185 0.55254051 0.55257256 0.5526212
 0.55252414 0.55272314 0.60426884 0.63504869 0.61425205 0.60123532
 0.62927552 0.59443872 0.62842306 0.61963839 0.63045845 0.62236293
 0.57301741 0.60016188 0.58170674 0.57695371 0.5802327  0.60806876
 0.59774846 0.6022003  0.56446897 0.6049879  0.55272628 0.5550605
 0.58438939 0.55753127 0.58604416 0.5591024  0.56498558 0.55290305
 0.55824765 0.56692834 0.6081148  0.6202044  0.60951554 0.6087754
 0.60874875 0.60895936 0.60814929 0.60988454 0.60825454 0.60853371
 0.56252235 0.55857985 0.5975848  0.59536007 0.59154856 0.55447348
 0.55552459 0.59400595 0.56696111 0.58385998 0.55279431 0.55693101
 0.56525696 0.55389336 0.57822238 0.5627313  0.57136826 0.56250539
 0.55952238 0.55524053 0.5881108  0.58874921 0.58764216 0.58233884
 0.5875977  0.58072528 0.60858952 0.603538   0.59245283 0.57991445
 0.60221054 0.59062486 0.60622762 0.6051659  0.58266553 0.60791784
 0.6055855  0.58536805 0.60378612 0.60303674 0.56177566 0.55919674
 0.57805014 0.57846764 0.55317444 0.56720289 0.57130641 0.55283056
 0.55339941 0.56557167 0.6229738  0.61454944 0.62830829 0.58714082
 0.5976463  0.61012283 0.58393713 0.59204494 0.60443004 0.6027348
 0.55347744 0.55283108 0.55305764 0.55450075 0.55496667 0.56470811
 0.55456919 0.55347766 0.55281868 0.56166915 0.64267428 0.62953765
 0.62491886 0.61598747 0.650441   0.64486285 0.63535755 0.62777943
 0.63141585 0.6375826  0.59383788 0.62011446 0.59493264 0.58008806
 0.58324073 0.61504191 0.60296075 0.60246316 0.60702083 0.60716155
 0.63431895 0.58193747 0.61690546 0.60461205 0.59251389 0.60615191
 0.59286532 0.58093772 0.58537113 0.60765895 0.55569813 0.56163582
 0.56340238 0.55300221 0.55300329 0.56665274 0.57756759 0.55382296
 0.56518843 0.56299414 0.57940902 0.58038271 0.58007195 0.55977022
 0.55307642 0.55323583 0.57964625 0.60452241 0.55875263 0.55452321
 0.55442645 0.57917791 0.58106901 0.59691961 0.56272492 0.5646282
 0.55599155 0.56607435 0.56304432 0.58603771 0.59286665 0.59634133
 0.58840476 0.58996931 0.59938225 0.60556153 0.58971618 0.6090006
 0.61084299 0.58830943]
standard NN runtime per cycle = 108.26688521362428 +/- 85.18328551936216
p_value is 1.2634429456996076e-21
Writing to... e_standard_results.csv
Writing to... e_evo_results.csv
Done

